   Compiling serialization-test-rust v0.1.0 (/home/eric/code/metacurrency/holochain/fishy/investigations/serialization-test-rust)
    Finished `dev` profile [unoptimized + debuginfo] target(s) in 0.46s
     Running `target/debug/serialization-test-rust`

=== Result<ActionHash, String> ===
Length: 45 bytes
Hex: 81a24f6bc427842924810a8c974214c66be3f4dcaf85f470e9708cd391b0b68d4d89d5a01a7a2352e89fb24de3
Dec: [129, 162, 79, 107, 196, 39, 132, 41, 36, 129, 10, 140, 151, 66, 20, 198, 107, 227, 244, 220, 175, 133, 244, 112, 233, 112, 140, 211, 145, 176, 182, 141, 77, 137, 213, 160, 26, 122, 35, 82, 232, 159, 178, 77, 227]
First 20: [129, 162, 79, 107, 196, 39, 132, 41, 36, 129, 10, 140, 151, 66, 20, 198, 107, 227, 244, 220]

=== ExternIO.encode(Result<ActionHash>) - inner bytes ===
Length: 45 bytes
Hex: 81a24f6bc427842924810a8c974214c66be3f4dcaf85f470e9708cd391b0b68d4d89d5a01a7a2352e89fb24de3
Dec: [129, 162, 79, 107, 196, 39, 132, 41, 36, 129, 10, 140, 151, 66, 20, 198, 107, 227, 244, 220, 175, 133, 244, 112, 233, 112, 140, 211, 145, 176, 182, 141, 77, 137, 213, 160, 26, 122, 35, 82, 232, 159, 178, 77, 227]
First 20: [129, 162, 79, 107, 196, 39, 132, 41, 36, 129, 10, 140, 151, 66, 20, 198, 107, 227, 244, 220]

=== ExternIO serialized ===
Length: 47 bytes
Hex: c42d81a24f6bc427842924810a8c974214c66be3f4dcaf85f470e9708cd391b0b68d4d89d5a01a7a2352e89fb24de3
Dec: [196, 45, 129, 162, 79, 107, 196, 39, 132, 41, 36, 129, 10, 140, 151, 66, 20, 198, 107, 227, 244, 220, 175, 133, 244, 112, 233, 112, 140, 211, 145, 176, 182, 141, 77, 137, 213, 160, 26, 122, 35, 82, 232, 159, 178, 77, 227]
First 20: [196, 45, 129, 162, 79, 107, 196, 39, 132, 41, 36, 129, 10, 140, 151, 66, 20, 198, 107, 227]

=== Result<String, String> ===
Length: 9 bytes
Hex: 81a24f6ba474657374
Dec: [129, 162, 79, 107, 164, 116, 101, 115, 116]
First 20: [129, 162, 79, 107, 164, 116, 101, 115, 116]

=== ActionHash (no Result) ===
Length: 41 bytes
Hex: c427842924810a8c974214c66be3f4dcaf85f470e9708cd391b0b68d4d89d5a01a7a2352e89fb24de3
Dec: [196, 39, 132, 41, 36, 129, 10, 140, 151, 66, 20, 198, 107, 227, 244, 220, 175, 133, 244, 112, 233, 112, 140, 211, 145, 176, 182, 141, 77, 137, 213, 160, 26, 122, 35, 82, 232, 159, 178, 77, 227]
First 20: [196, 39, 132, 41, 36, 129, 10, 140, 151, 66, 20, 198, 107, 227, 244, 220, 175, 133, 244, 112]

=== SUMMARY ===
All test cases completed successfully
