
=== Result {Ok: Uint8Array} - first encode ===
Length: 45 bytes
Hex: 81a24f6bc427842924810a8c974214c66be3f4dcaf85f470e9708cd391b0b68d4d89d5a01a7a2352e89fb24de3
Dec: [129, 162, 79, 107, 196, 39, 132, 41, 36, 129, 10, 140, 151, 66, 20, 198, 107, 227, 244, 220, 175, 133, 244, 112, 233, 112, 140, 211, 145, 176, 182, 141, 77, 137, 213, 160, 26, 122, 35, 82, 232, 159, 178, 77, 227]
First 20: [129, 162, 79, 107, 196, 39, 132, 41, 36, 129, 10, 140, 151, 66, 20, 198, 107, 227, 244, 220]

=== Result {Ok: Uint8Array} - second encode ===
Length: 47 bytes
Hex: c42d81a24f6bc427842924810a8c974214c66be3f4dcaf85f470e9708cd391b0b68d4d89d5a01a7a2352e89fb24de3
Dec: [196, 45, 129, 162, 79, 107, 196, 39, 132, 41, 36, 129, 10, 140, 151, 66, 20, 198, 107, 227, 244, 220, 175, 133, 244, 112, 233, 112, 140, 211, 145, 176, 182, 141, 77, 137, 213, 160, 26, 122, 35, 82, 232, 159, 178, 77, 227]
First 20: [196, 45, 129, 162, 79, 107, 196, 39, 132, 41, 36, 129, 10, 140, 151, 66, 20, 198, 107, 227]

=== Result {Ok: String} - first encode ===
Length: 9 bytes
Hex: 81a24f6ba474657374
Dec: [129, 162, 79, 107, 164, 116, 101, 115, 116]
First 20: [129, 162, 79, 107, 164, 116, 101, 115, 116]

=== Result {Ok: String} - second encode ===
Length: 11 bytes
Hex: c40981a24f6ba474657374
Dec: [196, 9, 129, 162, 79, 107, 164, 116, 101, 115, 116]
First 20: [196, 9, 129, 162, 79, 107, 164, 116, 101, 115, 116]

=== Uint8Array only ===
Length: 41 bytes
Hex: c427842924810a8c974214c66be3f4dcaf85f470e9708cd391b0b68d4d89d5a01a7a2352e89fb24de3
Dec: [196, 39, 132, 41, 36, 129, 10, 140, 151, 66, 20, 198, 107, 227, 244, 220, 175, 133, 244, 112, 233, 112, 140, 211, 145, 176, 182, 141, 77, 137, 213, 160, 26, 122, 35, 82, 232, 159, 178, 77, 227]
First 20: [196, 39, 132, 41, 36, 129, 10, 140, 151, 66, 20, 198, 107, 227, 244, 220, 175, 133, 244, 112]

=== SUMMARY ===
All test cases completed successfully
